yp0=-0.628174
h0=9.000000e-07
h1=5.000000e-04
E0=1.276025e-14 //при оптимальному кроці
E1=2.617390e-08 //при менш точному кроці
E2=1.324245e-15 //уточнення за методом Рунге-Ромберта
E3=4.147610e-14 //уточнення за методом Ейткена
p=2 //порядок точності
